user_being_followed_id,user_following_id
179,223
174,42
11,68
158,143
181,55
50,148
148,195
286,44
39,236
3,83
42,244
81,9
181,260
16,265
101,133
185,268
117,68
68,236
161,78
62,44
99,205
234,41
251,269
17,182
22,297
105,181
90,2
82,210
112,262
107,114
55,212
263,58
217,191
149,11
235,87
112,233
282,109
281,244
196,200
22,217
241,285
76,219
114,143
254,103
64,182
27,213
4,164
156,105
22,81
161,159
288,94
238,159
272,78
12,50
220,249
274,75
21,243
276,238
14,271
24,161
226,157
48,59
159,58
83,40
226,46
120,134
162,292
63,137
291,66
124,10
185,59
258,220
163,247
207,187
83,125
5,140
23,43
9,51
41,24
153,17
39,177
111,57
148,72
151,119
106,46
71,197
252,261
208,253
175,185
208,8
103,7
145,211
205,243
88,254
211,35
85,235
54,36
251,212
260,94
135,191
168,224
27,130
239,90
21,97
53,12
1,129
51,187
8,207
253,198
158,204
269,260
152,208
212,13
46,197
128,181
154,108
34,131
200,159
60,229
52,24
44,3
176,259
51,233
201,207
198,175
105,52
124,186
258,81
286,171
271,251
178,4
101,99
108,28
170,144
277,164
98,107
125,86
259,111
172,81
78,273
83,71
43,286
36,227
108,48
274,214
231,237
238,166
26,289
241,192
228,220
294,229
59,271
76,210
184,127
58,257
139,144
240,164
203,99
196,194
253,36
61,149
14,29
194,104
11,75
160,11
176,87
106,190
300,43
43,54
157,293
189,132
165,32
151,71
194,178
58,234
208,222
193,144
63,170
119,175
275,141
105,20
227,260
246,46
35,117
284,280
100,86
244,278
185,149
89,87
47,31
87,188
96,16
167,50
66,83
148,118
90,33
156,11
231,25
267,151
96,119
60,151
30,91
38,26
80,76
189,100
223,170
67,38
30,101
255,168
45,102
165,95
203,119
69,285
27,135
81,299
169,132
75,126
153,297
49,169
181,286
80,112
41,127
293,197
177,293
153,28
2,51
33,140
85,229
290,108
47,91
264,150
64,44
95,133
106,233
20,100
287,3
71,121
53,39
190,257
139,238
162,73
109,100
273,110
250,20
26,143
25,242
288,268
126,130
296,241
175,140
223,187
42,79
256,128
217,65
120,67
153,4
206,237
67,15
192,52
285,267
109,145
208,298
218,2
156,261
179,69
243,62
108,287
44,274
6,61
85,5
175,160
160,28
223,163
240,206
236,150
24,291
168,18
25,216
141,162
168,33
175,33
183,211
6,203
195,293
162,298
32,178
261,191
81,295
18,223
176,233
95,13
105,137
248,113
284,132
120,187
246,236
123,300
28,172
112,144
182,193
203,120
61,35
296,210
77,276
261,176
165,110
117,173
202,147
52,5
198,5
111,106
217,240
160,46
145,56
162,126
191,133
249,173
37,289
105,262
292,128
35,14
119,161
176,32
205,133
243,167
240,168
192,206
247,280
123,287
228,193
273,197
89,273
50,65
249,148
78,285
179,33
67,131
36,286
81,292
300,124
231,27
202,145
146,48
99,28
78,186
189,168
48,8
289,195
278,260
299,68
209,295
286,62
18,146
201,252
216,259
276,243
2,82
155,81
227,52
18,209
167,256
250,84
43,199
155,223
157,99
98,250
178,45
206,256
113,16
246,105
120,163
40,205
294,56
172,215
290,140
1,184
208,218
96,207
101,154
40,280
130,137
298,151
162,199
261,199
90,119
132,288
281,5
253,126
65,9
209,185
146,131
265,40
93,102
181,141
104,195
207,143
43,250
47,277
274,74
247,159
219,3
110,114
144,245
32,177
145,11
213,120
198,291
264,251
12,296
292,144
259,4
81,119
244,164
235,252
252,287
252,254
62,171
1,25
262,52
226,297
220,210
225,199
171,162
19,85
178,71
20,84
174,164
252,7
101,214
203,22
300,122
17,83
168,11
241,8
286,102
265,161
79,239
107,292
266,168
231,261
240,72
1,295
145,255
220,185
54,269
290,112
99,155
5,183
151,146
257,182
243,27
104,112
196,222
215,234
113,271
14,224
156,27
177,146
249,265
136,288
123,27
291,214
18,135
17,208
228,300
119,197
165,295
300,53
132,63
287,183
30,37
218,126
213,265
247,191
150,208
103,107
258,246
218,172
274,57
95,116
50,14
254,249
249,116
132,10
272,44
205,97
189,57
57,6
282,221
233,113
194,134
170,123
244,257
129,152
118,29
10,261
163,178
15,249
102,99
107,219
191,196
103,163
299,71
91,157
261,178
229,186
4,188
281,73
188,105
162,158
131,8
181,68
48,279
217,61
125,300
230,49
227,12
171,96
195,289
130,198
177,280
234,141
188,256
6,77
274,278
255,176
184,274
174,218
196,297
128,189
98,298
140,36
121,78
5,167
116,193
23,225
253,158
149,129
29,87
129,262
209,231
239,254
292,270
49,246
136,110
56,174
144,160
33,80
47,13
258,183
71,106
49,212
231,190
28,219
34,138
40,16
239,17
199,189
220,130
115,236
15,93
252,270
192,39
81,83
144,56
53,114
119,103
80,41
283,119
129,64
72,77
78,271
61,146
103,264
164,60
149,84
87,34
9,57
19,13
152,170
232,33
60,86
2,154
238,53
283,130
119,162
203,102
273,259
112,129
32,71
45,155
284,267
46,285
83,299
180,49
228,204
112,294
263,219
67,43
103,263
212,111
290,126
3,219
157,292
9,126
109,44
124,152
195,277
3,72
156,111
183,214
140,110
57,193
120,261
82,13
51,168
298,117
224,125
159,49
238,10
296,235
209,17
189,131
133,249
48,276
293,164
225,203
131,279
165,81
41,215
87,70
169,140
251,215
256,140
8,103
152,284
165,191
148,182
66,11
165,241
97,83
30,200
259,296
217,211
192,77
244,7
143,64
86,163
279,1
31,24
226,64
83,168
42,165
282,102
233,279
90,14
204,41
279,92
241,272
169,137
9,130
273,102
221,104
197,148
185,254
34,252
126,115
240,196
199,191
159,174
255,180
61,187
142,178
133,253
179,241
156,151
279,265
22,280
96,170
270,259
13,190
73,286
121,105
70,94
36,91
50,126
40,269
29,179
81,184
261,239
115,69
68,102
97,231
207,126
290,240
5,241
183,121
284,141
230,110
164,67
4,18
39,268
178,107
68,203
290,31
54,238
123,255
39,9
120,209
129,261
289,201
72,47
16,24
241,178
278,83
20,178
187,141
258,186
81,27
245,146
123,249
46,257
227,124
64,51
54,137
2,289
222,215
90,30
258,234
196,208
215,153
53,104
264,183
129,68
150,86
280,35
171,211
86,146
71,255
82,267
198,33
174,229
256,81
122,193
142,140
128,168
111,68
181,267
269,249
133,270
107,233
109,102
12,94
98,261
134,82
124,100
75,165
7,159
218,122
236,192
240,158
1,94
110,156
22,68
262,212
216,11
13,252
119,275
156,106
117,12
150,102
266,86
121,168
52,61
283,35
169,50
219,148
245,223
48,203
182,282
147,207
4,21
279,110
146,61
153,172
289,2
65,67
71,183
253,188
185,186
245,74
194,150
120,190
203,176
130,2
82,105
91,180
66,130
82,296
53,283
281,240
287,135
96,7
41,299
86,85
154,39
156,195
240,290
89,14
254,208
284,155
241,53
226,198
67,90
38,64
188,19
166,32
174,194
186,261
259,91
268,57
117,272
3,156
122,99
250,300
257,254
42,189
74,32
27,57
91,36
150,281
197,200
112,288
114,93
60,148
84,276
16,159
197,20
139,43
110,81
281,232
158,19
256,235
72,288
58,107
135,259
75,191
241,5
175,267
191,13
96,76
296,84
36,117
216,98
120,230
177,100
20,28
36,68
262,299
84,25
135,297
152,288
226,88
107,47
282,147
102,61
154,297
167,32
128,42
139,216
258,65
282,199
51,137
144,36
211,210
262,253
146,144
271,143
29,104
136,292
238,299
168,290
160,56
127,160
289,101
182,19
274,130
285,132
87,274
268,112
53,19
120,42
60,214
40,226
14,192
149,297
227,246
101,5
181,240
125,40
163,277
146,25
263,270
284,29
208,211
271,61
234,259
166,11
121,254
51,129
127,197
4,101
115,282
73,168
244,239
201,23
189,193
247,56
228,257
80,233
185,16
74,166
287,273
77,259
207,174
101,211
257,248
6,53
147,138
109,152
175,68
205,16
97,171
82,260
145,83
234,295
144,53
201,120
246,6
13,47
114,181
102,198
263,123
168,184
272,253
242,200
183,203
44,277
24,297
59,257
272,30
282,52
210,132
184,6
286,87
10,88
228,29
51,2
287,101
149,8
75,114
243,278
266,29
297,143
187,277
289,14
95,30
95,37
164,261
22,11
148,84
63,88
44,183
17,25
59,73
295,299
263,250
298,239
100,227
143,151
64,217
235,21
204,256
298,146
79,216
1,290
128,142
111,100
123,8
156,291
182,111
71,161
37,81
208,73
22,137
272,145
185,277
72,201
132,44
21,271
223,208
218,109
46,59
123,259
15,21
111,258
79,138
252,37
2,284
52,165
187,71
90,217
47,210
138,153
142,167
19,153
195,19
162,176
17,174
65,73
46,178
141,40
126,238
158,186
26,1
135,56
35,120
181,49
250,37
294,143
212,64
197,202
225,88
62,240
275,62
82,266
77,246
191,221
287,272
179,256
129,175
224,65
157,136
200,215
73,291
299,221
9,97
121,159
2,117
277,221
63,222
103,176
264,281
285,268
89,31
300,275
185,64
175,149
5,126
44,261
150,237
299,257
54,114
267,295
29,178
247,230
48,202
188,70
101,254
150,161
195,70
207,246
144,175
212,7
276,139
162,205
255,84
141,121
155,233
81,44
178,226
110,211
195,136
261,251
235,92
151,222
209,268
192,172
189,7
186,43
226,156
27,44
179,53
203,219
119,207
220,173
136,191
134,262
258,253
23,1
57,202
169,48
253,101
157,165
50,169
69,267
263,141
79,265
19,225
15,170
239,246
76,201
92,217
298,267
223,233
101,266
286,261
172,182
106,151
260,202
259,262
12,205
231,159
49,213
193,237
210,104
36,139
206,23
205,248
200,170
233,60
212,282
4,159
97,147
98,232
285,278
223,3
148,265
205,246
61,15
288,277
3,197
96,235
192,164
133,208
40,18
123,138
1,214
150,213
211,126
94,299
161,154
1,192
241,10
112,36
226,193
111,77
73,5
299,133
78,5
5,232
238,116
210,283
85,122
8,188
207,57
189,54
202,252
50,240
82,27
231,239
31,168
64,283
295,200
127,90
32,157
222,61
11,97
267,224
13,55
269,279
280,129
72,109
90,130
70,138
90,233
152,46
218,105
179,220
211,1
275,76
41,109
69,32
183,66
27,274
40,140
188,175
151,187
282,192
239,128
43,28
251,80
267,218
109,238
183,239
154,200
51,282
275,156
118,62
53,199
2,173
234,66
225,217
110,185
119,196
111,11
204,275
231,101
63,284
250,238
107,247
268,129
286,163
54,48
272,91
175,283
11,207
24,137
116,13
227,69
186,277
53,267
199,54
275,214
113,214
279,64
282,172
96,22
36,90
206,280
18,230
148,7
18,170
199,215
295,239
56,250
235,196
290,228
87,50
154,196
79,129
286,101
82,263
227,176
105,239
143,280
15,99
140,167
201,29
291,220
19,216
166,31
52,249
200,27
103,210
287,38
192,49
288,199
292,196
101,11
199,274
270,151
41,177
244,23
95,278
139,262
116,146
130,150
164,274
274,158
26,138
73,224
94,293
110,15
5,289
251,20
152,53
163,198
73,287
263,299
295,41
221,278
175,227
86,181
140,188
32,42
122,195
271,6
276,26
97,148
41,58
83,252
268,128
188,97
250,141
129,109
67,24
236,28
218,214
243,58
63,281
127,233
64,66
263,204
163,56
84,10
154,49
194,244
215,177
143,65
269,215
139,248
154,54
240,127
26,206
15,173
265,164
204,166
226,256
29,33
63,96
216,166
103,270
105,57
58,245
30,171
83,38
141,286
194,109
222,194
196,17
188,5
22,115
196,248
116,268
85,109
64,201
273,231
169,37
46,7
254,161
283,131
56,269
13,60
67,208
76,215
212,92
286,166
181,202
264,31
24,240
256,7
121,137
225,283
164,265
72,170
89,19
84,136
263,138
136,61
142,244
117,100
19,213
189,153
59,77
232,281
3,150
226,9
254,93
278,139
216,100
19,298
23,221
165,38
298,96
95,204
184,15
291,226
71,214
228,148
48,78
243,11
186,40
267,154
52,31
142,66
146,79
203,137
209,47
156,141
200,20
119,203
149,201
75,119
64,261
51,134
215,39
47,113
69,9
60,157
147,20
3,281
53,183
16,259
124,184
133,233
199,164
257,225
165,140
228,265
154,221
88,145
4,291
195,163
110,91
259,209
46,272
159,25
138,232
83,264
297,134
24,284
58,94
114,153
128,135
96,273
160,230
152,248
99,235
234,166
214,210
5,92
223,200
3,239
281,10
152,212
103,262
2,75
27,10
204,144
114,224
243,85
55,288
66,272
5,149
295,300
70,217
145,257
201,280
103,272
47,138
198,15
259,190
133,214
14,212
249,237
234,255
292,296
51,250
204,273
129,265
34,46
117,179
46,204
225,76
246,220
269,180
211,9
13,140
23,34
47,283
29,239
190,28
231,185
235,259
300,7
250,127
115,3
140,142
282,181
76,170
143,297
33,58
193,272
279,112
120,173
203,271
24,61
200,149
83,231
84,73
93,230
266,186
67,39
281,234
81,41
141,226
46,261
7,78
198,82
292,130
18,192
280,191
293,182
77,74
110,167
50,47
92,180
122,145
132,258
158,38
162,159
122,90
291,242
129,53
159,266
252,62
249,270
111,6
234,163
1,173
9,196
42,146
29,257
241,146
92,257
159,110
34,104
193,264
139,55
228,117
130,105
216,198
173,296
207,215
122,266
88,181
88,202
94,108
209,58
38,162
225,272
198,214
142,291
67,288
292,199
88,218
183,248
127,199
100,56
14,172
104,282
103,121
63,13
82,42
191,64
296,126
109,40
132,255
97,60
214,56
290,60
241,231
251,37
80,296
287,108
202,28
135,199
225,220
89,154
59,74
225,230
70,39
138,143
257,285
149,56
58,101
105,226
202,199
267,173
168,21
184,24
56,185
150,190
41,146
55,261
271,63
64,62
100,144
281,115
85,284
2,187
107,267
82,231
74,2
64,139
144,266
152,127
158,123
231,54
99,54
251,198
104,122
291,112
44,264
85,274
279,95
173,148
66,42
231,73
169,155
221,234
253,104
208,266
254,49
194,108
195,160
28,108
234,93
189,279
128,117
29,205
100,68
57,265
151,230
151,246
248,3
232,51
32,41
242,27
31,152
263,182
93,284
251,268
96,258
63,180
35,222
152,274
131,276
179,189
80,180
22,287
12,92
5,23
116,158
8,287
287,55
285,227
299,14
193,78
294,46
42,99
114,38
256,125
223,188
231,78
63,211
55,248
3,259
210,16
249,294
95,84
106,31
212,224
298,187
204,50
21,157
56,191
113,50
215,4
244,201
103,96
183,201
122,263
250,148
107,206
68,241
3,221
1,130
177,201
212,44
57,83
139,40
158,97
70,152
296,54
115,169
149,243
160,238
217,115
69,147
153,35
173,267
275,249
70,50
124,193
91,199
158,110
49,264
127,215
155,189
192,7
265,204
56,272
144,140
219,36
92,13
196,115
31,38
237,48
152,297
104,181
162,181
45,164
103,91
58,281
291,263
237,149
248,291
238,89
21,46
243,112
150,123
120,129
248,252
163,204
164,135
42,225
180,202
33,184
41,108
67,92
127,287
191,228
100,92
45,275
4,172
96,105
190,12
300,121
259,26
275,80
295,96
41,209
145,26
82,87
255,242
297,228
54,227
71,227
203,178
246,179
166,220
29,39
180,270
35,255
248,85
31,271
134,40
63,113
60,135
158,130
175,257
132,68
47,103
236,213
127,75
19,1
30,253
25,238
160,182
206,149
278,244
150,46
181,291
226,291
274,162
219,283
128,226
204,233
129,258
208,71
103,164
43,164
181,50
116,145
33,86
212,272
245,36
256,284
5,71
99,225
4,76
83,100
266,70
22,128
138,265
68,144
129,215
50,253
197,282
287,245
99,286
90,59
299,231
136,51
97,48
115,140
290,43
187,39
261,238
263,18
77,177
77,196
220,299
49,31
199,260
43,198
142,86
164,248
70,219
211,271
56,126
63,264
94,229
242,285
185,197
133,2
275,217
170,204
135,80
56,27
154,131
110,47
1,297
264,196
80,93
101,287
149,188
268,206
236,258
211,255
94,124
287,14
122,21
243,78
174,67
290,157
174,203
11,213
268,119
167,73
209,264
63,224
69,89
119,1
100,57
221,68
32,213
98,101
244,186
188,287
158,258
215,37
28,255
29,132
117,239
78,258
49,281
249,12
43,65
139,202
159,39
161,286
59,220
88,213
239,205
216,239
57,173
216,90
286,7
273,233
246,38
102,227
2,202
259,78
231,144
34,52
118,296
25,40
238,173
95,24
35,55
235,194
115,35
233,206
11,253
89,7
1,283
278,115
250,220
159,61
104,99
189,156
243,188
222,213
154,33
19,88
184,246
200,224
7,12
6,19
272,109
182,43
288,139
122,291
169,99
231,223
181,25
164,217
246,111
125,184
268,30
59,199
202,286
251,218
112,89
261,223
201,253
246,289
235,293
259,44
35,173
8,18
24,288
174,71
44,148
54,6
50,56
128,133
189,191
12,292
65,105
133,230
190,3
198,141
201,58
105,250
167,44
126,30
28,260
14,260
69,98
62,188
288,235
252,25
251,10
166,162
249,72
41,217
114,242
244,235
110,245
93,267
141,173
153,228
54,83
209,200
246,124
257,127
168,110
294,55
101,259
291,198
168,241
283,276
282,260
260,197
40,52
51,95
33,213
190,111
35,98
289,261
226,221
248,5
87,44
193,265
235,247
33,266
131,93
300,72
104,154
159,233
68,248
161,83
115,254
118,100
189,253
84,208
242,210
84,22
36,199
108,270
16,2
202,184
166,110
227,271
35,234
264,70
199,300
241,283
23,203
291,161
21,235
56,138
5,98
180,108
81,82
275,47
166,190
293,209
202,156
238,294
136,279
191,287
262,28
11,229
20,133
107,288
289,300
231,280
208,289
289,124
3,280
129,84
66,120
37,54
76,29
62,67
248,51
286,295
127,203
156,20
292,291
127,130
195,218
236,8
24,206
291,224
11,89
198,230
268,157
79,84
167,290
123,2
111,210
77,184
265,205
214,55
188,235
265,83
115,17
192,78
257,226
46,214
176,271
189,136
194,55
122,155
197,36
286,247
241,50
131,29
92,184
83,269
98,133
93,162
182,56
95,294
45,85
215,257
144,134
21,38
75,203
184,42
243,83
180,60
40,14
241,75
291,110
64,132
9,238
76,48
59,171
285,158
238,18
185,49
7,254
243,258
269,40
142,55
181,107
78,139
53,222
194,300
118,191
275,138
215,255
292,283
169,52
103,241
35,204
33,124
59,194
270,170
277,297
161,27
54,194
219,122
234,240
257,276
115,230
24,211
261,114
257,29
226,241
114,135
76,236
217,272
229,92
250,278
73,60
253,154
139,33
45,122
218,68
251,136
3,44
58,1
34,276
133,59
101,70
212,172
256,165
295,215
189,138
73,159
126,147
195,263
111,236
218,166
219,20
169,27
39,151
227,9
297,216
283,182
116,60
113,176
53,138
273,212
247,130
91,127
45,190
256,184
113,282
106,75
216,64
300,18
283,135
55,253
282,124
150,43
210,122
59,249
142,266
165,88
119,139
257,51
111,266
174,187
65,269
128,120
237,180
256,12
289,283
118,257
197,239
61,114
31,4
7,267
281,66
157,279
131,224
149,32
164,58
235,169
245,150
179,31
131,284
227,77
100,186
24,174
72,43
281,76
151,55
262,209
265,143
132,93
275,261
147,190
99,105
15,161
295,122
141,267
107,133
273,182
157,156
14,259
244,107
74,27
115,117
178,72
4,64
118,248
169,119
11,298
65,139
139,39
67,135
287,240
190,19
154,102
63,299
31,242
298,178
157,34
132,122
149,197
20,72
207,216
114,150
255,149
109,62
86,106
187,286
8,174
57,160
54,61
177,158
219,42
73,13
20,248
171,130
240,100
125,163
213,73
183,11
74,153
149,138
276,7
259,35
47,151
148,193
15,188
179,205
140,119
169,101
222,244
160,39
162,197
214,167
224,141
297,192
232,40
256,164
186,256
76,18
135,255
21,200
229,245
127,49
189,108
206,223
269,281
209,84
112,31
220,187
238,242
240,229
272,100
32,182
292,247
105,214
202,290
77,132
18,226
124,26
240,43
218,43
95,223
185,97
88,215
75,258
106,11
156,133
199,253
172,265
71,263
235,267
278,81
89,56
231,194
219,43
45,108
83,74
295,50
267,189
165,285
22,91
276,102
288,193
250,261
195,115
139,161
24,255
19,274
291,215
108,71
202,168
66,34
21,213
239,22
116,26
97,120
260,203
62,98
236,29
221,266
17,2
63,228
114,189
7,33
240,264
150,83
164,159
77,139
151,26
194,282
279,230
6,250
147,3
235,56
5,160
243,109
273,228
299,277
122,157
74,147
191,280
70,61
19,218
177,111
215,97
137,159
52,244
23,108
113,20
249,39
84,79
1,126
21,8
209,75
214,42
254,194
155,7
162,215
244,285
23,167
286,93
44,165
160,64
123,299
8,145
271,172
251,202
136,142
292,87
271,258
272,147
219,293
80,187
63,36
212,126
141,276
238,27
114,279
236,298
229,147
223,57
66,79
215,104
284,182
70,82
52,39
173,224
277,26
263,132
34,245
263,205
234,104
65,147
271,10
120,216
204,285
118,124
275,284
264,116
269,266
79,223
204,27
108,180
131,69
286,112
181,117
259,267
281,9
82,194
53,99
286,42
284,217
71,253
10,156
238,132
280,36
293,17
175,203
16,169
131,161
250,8
189,241
240,84
84,257
103,57
18,243
54,60
46,239
153,100
166,26
115,174
128,221
156,6
117,143
34,272
284,259
214,194
168,253
195,144
38,92
101,104
179,20
243,128
157,135
113,143
24,296
217,74
107,289
251,174
188,126
62,236
290,279
299,28
170,102
276,282
236,194
51,182
247,178
12,260
285,31
115,203
72,124
193,208
278,263
59,4
299,9
251,38
179,86
189,126
290,160
140,137
296,117
23,266
11,175
100,52
85,94
76,297
292,53
107,248
242,272
108,138
190,7
270,46
70,147
263,9
263,110
213,292
230,168
291,228
148,35
296,10
282,222
12,146
296,77
62,170
235,215
128,125
170,275
82,71
124,96
230,69
165,98
105,53
178,58
64,53
191,257
89,258
252,253
17,108
256,205
4,3
181,90
1,169
100,176
218,274
243,123
32,154
294,100
196,242
90,201
215,248
243,213
139,152
132,172
13,161
249,69
190,205
211,22
132,97
238,138
44,289
100,179
84,150
122,210
122,96
112,8
215,225
61,195
244,225
203,85
220,202
109,222
137,15
172,91
211,220
182,107
39,97
92,288
98,70
33,193
266,288
101,47
97,136
227,98
98,153
62,255
30,166
38,210
166,280
168,146
85,293
117,238
184,22
283,40
262,65
46,246
62,155
286,141
243,259
193,231
117,263
202,203
130,192
22,275
131,214
84,40
271,273
221,65
133,9
55,33
264,12
280,110
36,219
257,1
74,227
75,169
139,209
119,68
188,153
167,54
282,3
221,117
212,105
177,79
84,204
93,200
225,268
48,34
133,94
50,39
240,21
88,41
145,61
10,198
238,292
251,186
192,57
286,17
239,235
131,218
45,17
190,168
187,74
27,252
188,85
273,48
225,261
183,300
151,135
60,203
70,125
63,289
104,223
185,158
136,144
117,196
188,274
88,4
113,132
220,259
97,216
264,300
180,119
211,38
286,246
271,138
266,163
8,102
78,165
67,64
273,84
60,76
14,33
231,151
20,218
12,4
89,184
205,297
48,124
31,233
288,74
122,295
15,199
25,203
11,127
236,10
261,52
210,182
273,131
42,273
254,79
211,216
112,125
231,108
289,84
148,12
12,148
85,46
32,150
148,232
36,239
152,292
127,212
152,197
242,262
29,261
223,27
237,1
254,139
7,6
91,115
118,183
39,275
213,267
234,63
108,222
34,232
280,135
185,127
84,44
268,111
138,106
97,51
162,145
177,150
120,52
243,211
9,68
144,125
226,216
191,24
146,211
217,166
40,193
218,91
238,225
16,69
159,289
280,17
193,158
251,286
204,221
98,89
27,36
34,187
120,236
75,14
48,162
99,276
180,18
185,31
161,97
167,20
4,156
64,102
233,66
36,44
295,53
245,228
101,4
8,162
148,82
281,50
245,90
220,190
116,260
153,209
184,294
217,201
260,175
7,217
123,75
63,67
12,3
11,261
106,37
1,280
286,128
186,283
173,127
145,201
219,113
193,37
249,120
234,119
183,280
286,51
238,201
251,161
32,95
223,189
164,91
166,270
186,243
150,160
158,118
169,39
167,286
287,158
244,188
254,291
171,185
28,262
211,155
81,74
150,37
112,15
177,250
174,172
28,118
90,67
178,187
151,145
38,97
23,275
222,188
138,65
74,229
31,290
281,99
155,203
66,65
125,83
88,300
124,165
171,3
266,132
69,207
85,142
125,18
244,92
187,111
57,289
221,241
296,224
102,39
127,225
300,131
241,163
251,162
203,296
51,93
224,212
300,204
270,127
55,275
235,3
126,90
80,97
76,209
189,242
226,87
114,170
271,112
203,145
40,217
13,109
47,6
172,259
233,236
156,226
290,245
22,60
88,49
88,142
52,143
263,52
52,250
140,202
261,105
138,60
25,239
112,139
199,107
201,63
40,84
14,149
17,58
152,140
21,159
257,153
213,159
20,193
133,128
294,113
11,8
175,196
267,283
53,286
282,139
75,43
270,121
295,125
199,266
242,284
67,51
118,154
231,157
83,33
174,130
236,169
272,228
149,83
260,60
119,9
140,298
115,171
123,268
199,79
189,278
230,87
140,30
186,194
274,135
219,139
129,69
215,84
133,65
221,87
256,193
48,45
67,33
195,192
69,177
300,81
66,126
84,89
68,134
112,210
155,159
165,36
225,128
103,219
241,177
292,245
78,284
223,11
167,37
61,145
88,298
93,99
191,34
232,108
111,216
40,241
260,46
225,195
107,61
8,290
22,244
285,27
170,239
28,177
88,18
194,262
174,15
157,245
172,275
228,3
80,175
248,91
293,26
280,264
86,195
213,175
115,274
165,210
291,7
250,228
195,33
17,153
126,277
296,207
52,127
203,127
116,37
38,21
146,52
241,126
149,103
185,17
23,22
160,251
284,189
255,164
88,74
241,268
43,165
53,190
276,219
44,73
29,150
155,76
119,115
195,171
231,122
44,272
173,108
98,262
287,175
57,287
184,19
211,256
30,147
113,133
253,162
255,126
167,255
209,90
210,172
68,180
83,43
155,6
210,78
117,286
99,176
199,233
140,107
286,266
121,139
98,182
34,217
115,43
209,85
172,169
268,269
52,279
200,204
195,20
72,115
31,267
107,131
264,41
235,281
258,170
240,79
126,49
109,237
262,263
277,268
144,194
128,59
279,74
47,11
116,79
174,250
23,94
79,171
56,46
188,216
214,166
289,267
264,262
163,254
244,31
74,206
231,277
116,10
126,75
216,44
216,145
94,279
165,154
256,242
11,244
208,113
44,32
229,111
67,256
79,270
263,13
221,76
254,134
186,255
57,117
286,263
141,47
50,48
233,143
165,127
101,61
285,30
244,71
64,116
221,217
22,141
285,70
194,235
46,125
281,194
228,17
193,254
151,113
20,173
247,157
83,11
4,294
226,253
206,260
269,192
147,97
282,51
241,162
39,60
54,186
43,99
97,192
281,192
49,34
1,13
71,261
260,248
64,150
230,182
220,273
282,19
49,82
64,267
93,214
197,147
218,228
192,149
159,31
22,182
171,49
212,104
199,251
126,93
127,134
22,229
25,274
286,222
38,22
104,182
36,72
158,52
288,175
7,141
172,117
127,87
143,34
116,269
207,242
49,204
1,162
147,140
271,283
24,233
127,204
234,144
54,180
289,134
74,41
73,64
152,218
143,267
204,268
64,13
201,75
198,46
209,279
47,37
299,109
221,156
248,209
78,177
272,217
51,262
200,244
250,50
8,281
281,184
292,92
95,42
14,9
19,25
257,283
45,211
73,54
218,116
245,1
201,21
8,221
16,165
149,215
187,31
36,127
60,43
46,282
131,277
139,52
265,292
61,238
250,105
130,184
281,173
225,198
209,149
186,247
259,89
38,43
175,21
53,173
233,12
60,56
187,1
240,87
202,270
256,257
156,235
99,246
32,147
231,123
225,100
56,283
56,4
208,51
101,157
186,11
186,188
194,148
289,217
288,214
244,293
167,30
188,177
148,276
184,240
232,235
252,263
41,104
69,175
17,226
124,223
128,164
259,225
297,23
19,124
202,280
260,274
170,169
192,290
299,52
81,150
297,278
262,300
33,61
264,230
210,77
194,100
185,241
296,122
61,8
295,181
166,211
203,34
48,235
7,150
30,201
96,220
119,160
270,32
226,147
139,122
292,158
298,105
3,5
253,260
28,137
2,266
152,221
79,48
221,2
23,75
98,37
214,254
107,196
250,28
77,225
88,104
223,172
115,218
295,278
1,262
237,264
279,81
184,95
177,239
35,32
85,238
79,280
37,167
104,248
193,171
8,104
74,214
12,133
289,212
53,63
288,54
122,238
95,131
216,299
23,39
293,194
71,108
243,49
93,265
141,157
203,151
176,147
159,124
299,178
220,147
230,67
170,202
130,247
295,232
210,21
222,238
207,40
239,196
180,1
238,7
3,118
241,205
296,144
9,128
188,43
208,283
71,187
106,119
1,141
201,107
223,145
135,253
46,162
264,255
23,12
120,139
292,7
1,212
229,177
221,199
173,24
150,100
298,5
145,234
200,278
240,232
120,194
59,97
177,129
226,209
145,159
98,111
83,241
269,141
104,65
184,112
122,102
147,215
56,128
10,207
195,193
202,274
237,116
197,97
166,6
173,84
143,96
41,267
258,210
17,56
133,37
277,79
93,258
148,185
265,71
26,194
20,4
277,247
11,130
216,42
222,193
297,87
293,82
19,121
101,55
273,201
153,245
135,96
202,49
11,144
61,292
181,111
256,218
91,151
33,128
60,272
49,116
61,127
77,59
72,260
130,234
201,249
53,81
251,6
268,178
234,10
290,103
217,149
10,213
98,279
253,246
186,246
21,149
17,170
203,153
72,76
249,44
283,69
161,181
206,226
37,262
215,118
255,88
115,86
194,207
114,260
263,197
87,299
168,51
97,56
68,277
38,137
106,165
198,127
93,295
199,4
210,244
223,40
96,9
241,212
35,81
108,143
234,176
181,46
39,26
29,269
296,27
114,218
268,224
46,296
193,177
181,216
127,158
111,112
163,1
279,155
276,169
133,287
1,217
250,75
57,93
141,165
239,240
170,238
143,200
150,200
35,90
72,193
234,107
114,26
162,114
233,224
225,253
29,281
185,70
241,277
269,140
65,255
53,243
77,145
280,294
111,269
86,176
102,68
298,286
155,166
46,31
126,140
157,122
190,159
204,138
290,49
289,281
190,122
236,35
98,135
117,79
11,110
102,14
210,161
203,31
123,80
73,229
182,116
259,245
6,57
243,129
253,90
130,89
145,100
171,189
146,264
23,9
104,161
4,66
89,53
112,94
6,73
13,72
91,57
27,142
106,296
55,104
220,5
295,116
150,224
67,49
296,179
82,55
207,115
93,66
297,21
83,91
161,272
20,143
64,93
111,178
83,9
132,210
116,235
169,201
173,132
132,142
5,31
209,67
95,140
120,22
67,41
33,243
168,71
194,217
211,235
289,41
278,31
111,228
140,61
271,210
293,41
25,135
179,116
12,96
148,170
85,130
135,151
45,69
72,68
159,226
99,76
130,107
3,30
138,88
12,117
233,64
44,86
268,116
63,99
58,43
91,134
141,233
70,10
284,80
68,29
290,165
159,162
159,9
154,34
123,182
273,209
13,239
83,121
273,65
50,144
102,189
107,172
278,222
166,153
155,133
272,187
280,293
27,250
49,85
181,36
36,167
205,255
113,75
283,234
99,288
76,163
56,135
62,211
299,110
233,9
268,74
299,17
260,143
32,247
152,240
252,160
134,144
187,261
216,152
110,240
104,136
18,189
240,38
28,298
5,63
176,108
85,212
250,93
295,249
211,234
172,69
172,83
71,65
185,285
81,191
79,160
263,254
204,219
204,64
113,277
25,123
144,109
196,262
42,253
36,126
224,291
257,186
264,58
257,224
171,47
247,101
277,189
291,39
80,231
130,236
30,183
66,86
79,130
66,113
289,138
139,132
225,284
281,291
73,26
119,25
66,207
128,24
5,245
167,291
128,286
36,189
43,202
26,202
52,115
151,85
112,93
210,127
286,231
173,12
213,131
134,217
174,20
298,271
123,177
226,203
116,204
88,180
283,235
122,261
21,187
296,66
276,188
175,222
167,220
137,86
69,242
171,157
54,107
130,133
295,193
70,128
22,92
265,152
84,14
166,56
152,102
128,179
42,195
118,68
11,43
251,199
8,74
31,259
22,89
242,265
116,162
131,271
209,7
30,258
219,175
138,252
258,282
281,229
261,90
5,243
107,32
149,238
283,196
263,220
52,71
139,168
178,249
265,228
171,95
199,10
35,183
242,276
124,32
293,205
127,76
44,38
237,188
135,203
15,83
63,205
255,74
160,258
172,202
66,216
112,114
13,169
278,212
228,141
250,182
217,276
104,105
18,1
155,67
134,231
294,286
285,193
39,278
212,11
86,121
284,88
99,97
104,278
184,33
140,195
236,142
124,221
299,259
202,148
233,273
212,31
12,13
172,100
235,29
300,27
204,133
196,113
38,15
250,296
209,101
119,221
232,269
107,43
185,77
223,171
99,83
164,244
14,98
105,195
146,157
252,89
14,287
78,14
199,121
94,70
105,290
134,46
54,14
183,297
80,204
200,17
52,8
262,109
67,222
253,8
80,226
5,164
112,110
240,243
283,75
146,296
137,83
81,118
187,144
27,99
35,180
298,273
171,160
296,256
109,22
46,100
86,159
156,272
53,133
279,197
163,177
77,128
291,173
133,260
227,224
64,71
142,237
13,121
218,217
13,126
30,48
279,118
170,18
213,15
25,179
62,298
120,180
87,124
40,75
234,274
165,203
201,190
191,131
289,48
206,274
262,129
22,296
280,86
186,68
21,3
182,296
228,251
208,4
198,35
29,31
213,93
43,42
80,45
54,143
141,263
258,3
225,104
237,93
24,190
126,103
238,275
151,118
18,276
38,293
177,135
299,113
178,132
51,42
2,16
293,268
88,117
15,154
86,110
81,115
9,155
3,216
120,276
279,163
83,192
176,163
68,141
200,24
173,258
189,25
182,108
27,154
262,2
15,182
68,123
178,140
34,184
46,115
26,252
272,170
101,91
295,60
97,298
130,80
75,19
6,174
101,65
1,183
290,258
268,169
16,114
11,280
261,235
183,53
181,30
271,65
130,90
76,276
116,137
184,84
77,283
256,117
50,13
205,62
120,164
166,91
252,196
257,25
123,78
235,154
80,15
146,281
16,23
171,99
253,133
192,263
32,227
50,7
251,67
93,96
208,246
148,40
251,280
10,100
135,10
254,47
142,259
54,47
200,107
207,99
63,117
107,59
157,42
184,79
153,72
282,44
258,100
67,282
191,289
206,21
285,3
273,136
262,275
15,256
35,33
188,160
95,181
132,247
300,280
246,41
280,34
30,148
253,281
110,3
189,38
196,91
272,220
292,10
229,192
244,195
272,65
8,93
200,58
269,204
1,292
152,291
218,24
126,94
21,253
209,173
216,151
135,276
16,113
198,43
30,248
216,126
129,127
138,235
75,3
154,138
160,89
194,141
194,2
249,228
104,190
293,201
87,10
273,11
182,93
148,4
207,120
110,291
223,101
176,133
57,124
186,12
169,21
293,269
61,224
155,299
206,298
151,242
79,145
181,269
169,166
155,295
264,208
80,136
27,172
53,46
123,129
42,207
245,216
54,241
128,100
261,96
142,104
133,240
268,252
180,285
81,49
191,195
120,279
28,4
179,235
12,131
257,172
171,238
184,270
158,35
212,38
35,15
279,267
246,5
8,6
20,118
241,166
219,34
129,1
287,75
110,14
144,38
50,281
97,127
161,210
290,74
52,273
159,205
16,185
148,261
19,84
212,176
267,69
26,49
203,198
103,168
98,165
77,294
72,100
75,68
228,247
247,114
94,120
39,283
278,166
26,193
134,84
170,226
45,255
285,266
246,162
271,20
248,23
96,262
26,253
273,224
224,120
132,277
116,211
194,47
127,298
2,246
166,161
197,244
94,106
79,255
232,206
150,57
195,11
18,169
170,268
46,3
198,130
114,300
31,295
285,38
132,133
211,243
300,213
112,55
141,122
42,36
162,198
179,88
16,262
253,292
67,160
156,59
262,118
70,5
284,177
200,123
68,145
299,34
175,293
80,95
230,261
99,10
166,149
201,113
132,139
251,156
95,262
188,170
291,237
155,4
292,1
252,67
143,256
212,300
157,197
215,25
238,235
260,103
91,214
170,55
194,1
173,182
6,164
198,273
296,219
271,183
68,225
186,44
106,27
171,62
120,7
248,221
180,205
205,80
2,295
71,91
183,241
234,165
165,254
207,27
286,118
100,206
300,192
177,47
204,122
297,163
266,63
265,12
156,61
212,256
176,212
258,154
195,225
276,274
270,236
86,89
56,50
178,238
230,142
242,53
171,139
121,244
122,190
100,285
180,246
200,119
277,139
150,82
296,142
3,161
255,202
213,212
112,50
23,172
127,10
99,212
66,299
160,133
213,58
282,197
63,94
273,8
144,86
85,264
246,298
130,33
268,73
263,209
200,242
182,269
85,134
297,114
138,162
161,62
193,131
62,187
214,97
50,241
148,16
136,169
208,180
153,87
7,20
123,211
237,283
209,244
207,48
202,281
127,209
132,285
200,191
178,86
248,128
226,18
30,15
210,46
274,201
140,291
215,191
264,55
252,215
102,109
27,199
14,91
263,104
274,206
292,275
188,1
24,132
53,49
164,259
212,150
209,32
197,63
193,11
237,154
277,98
56,259
161,116
44,122
12,177
151,6
32,19
235,287
188,217
288,153
25,39
188,245
41,17
233,300
13,243
58,108
193,148
135,14
149,155
45,279
281,243
127,282
211,46
282,33
24,150
59,100
68,179
45,269
56,72
234,170
154,32
147,293
63,97
136,197
135,197
76,54
58,2
208,284
159,97
21,66
7,221
293,99
158,291
130,154
24,94
120,14
105,291
162,46
73,79
273,98
26,154
199,17
105,232
75,230
168,275
60,77
226,169
26,185
265,235
162,177
250,34
292,177
20,194
99,8
163,115
196,36
175,34
74,212
171,163
283,181
297,88
84,240
39,161
82,288
9,209
174,29
138,274
147,212
286,292
23,82
277,286
208,165
261,194
270,261
288,170
293,147
202,116
278,174
143,157
240,170
119,94
116,275
28,103
77,143
172,198
249,216
230,184
221,169
196,111
8,69
182,141
229,179
118,182
290,162
133,155
275,223
208,89
160,48
247,135
206,246
193,168
56,238
11,67
196,260
272,39
150,219
186,167
265,23
184,145
251,275
284,171
156,37
232,15
65,257
78,58
177,85
36,232
25,58
89,94
100,233
198,227
38,61
281,235
227,158
148,23
245,200
41,29
62,108
8,28
47,39
215,98
20,103
95,80
131,19
163,66
75,238
43,69
176,208
225,23
41,178
115,103
278,86
10,199
284,226
145,288
15,63
155,204
295,43
11,180
195,251
239,92
120,88
108,253
116,241
36,42
115,144
142,232
154,175
216,157
236,103
84,116
255,137
12,58
227,8
191,166
40,165
285,161
69,214
290,277
18,59
47,142
187,67
78,84
151,54
25,155
262,57
210,24
242,41
221,125
176,27
253,81
236,48
26,163
29,158
20,69
198,258
68,7
197,93
157,226
270,267
145,128
94,258
49,29
269,172
25,273
88,60
22,19
120,288
86,81
182,17
180,193
118,55
169,171
203,60
177,253
57,182
191,159
241,256
207,173
20,255
165,288
90,157
256,130
38,273
17,85
178,123
30,206
18,163
300,4
236,18
107,177
83,198
66,101
187,134
137,258
282,105
204,81
229,18
200,272
86,228
123,289
254,199
22,155
105,15
126,99
237,119
261,225
188,106
109,247
95,111
217,13
135,118
225,138
272,183
56,93
283,126
178,81
260,19
242,232
96,61
279,6
86,79
73,246
50,198
184,163
281,153
217,290
222,25
167,156
61,268
35,110
169,1
92,121
19,219
170,207
95,237
143,20
23,135
74,107
191,89
297,263
252,245
278,146
78,169
50,130
166,7
125,80
172,12
156,240
231,253
279,218
285,172
239,49
14,180
71,180
159,84
280,152
267,10
31,227
59,295
53,158
272,164
187,200
110,265
235,181
76,103
171,210
142,117
22,282
181,231
257,290
279,298
126,187
105,283
150,249
58,220
289,178
43,77
252,125
61,25
239,24
201,79
113,36
241,249
7,194
254,184
82,175
278,112
152,266
271,204
214,94
60,224
20,197
261,47
67,190
122,233
210,255
11,149
232,292
162,57
122,262
280,158
285,271
253,174
56,30
252,60
274,93
96,1
124,167
197,290
261,17
110,177
228,103
265,290
168,153
231,271
18,168
42,274
112,48
151,94
295,86
268,251
192,97
83,237
133,60
125,207
180,286
162,180
2,228
166,238
267,277
21,168
279,285
13,84
29,22
185,278
257,179
209,168
277,203
47,102
203,167
272,19
255,221
133,74
125,272
152,275
268,3
283,13
86,93
210,199
3,26
166,9
188,280
265,90
262,22
50,291
24,2
131,282
119,135
96,196
179,265
19,148
273,2
106,93
51,52
183,17
17,107
194,42
54,259
1,247
220,17
295,293
48,277
106,274
76,148
65,150
42,216
45,34
57,63
205,249
52,187
267,237
8,179
104,269
177,178
216,256
19,34
192,38
17,262
239,107
81,137
19,263
109,275
94,65
184,219
72,263
27,272
230,278
177,284
125,132
231,82
48,1
174,256
187,86
163,133
261,268
299,32
283,22
57,137
291,9
14,158
69,238
259,121
8,298
52,66
200,205
5,150
110,53
27,166
216,258
117,135
257,232
5,132
55,175
143,113
4,290
266,136
276,246
108,227
60,31
227,234
47,124
196,118
243,199
276,201
77,80
22,120
164,96
52,124
277,176
294,32
193,162
159,86
229,143
101,179
171,19
148,150
141,67
86,62
31,203
252,289
247,113
91,21
155,278
278,291
34,191
100,66
148,96
78,15
164,68
139,73
106,58
213,122
102,274
202,24
85,92
216,234
292,250
87,58
56,41
265,155
75,208
90,293
33,8
202,189
30,285
143,104
257,10
2,85
1,51
53,102
107,54
58,64
96,32
169,280
86,40
85,297
106,41
35,184
155,269
194,53
25,20
1,15
79,67
68,13
198,249
16,72
99,38
269,130
126,255
53,136
62,28
28,133
2,262
33,46
46,113
274,299
73,181
184,173
10,146
193,273
87,143
269,212
226,286
153,99
243,257
213,27
74,92
207,176
145,237
113,98
111,204
280,200
218,278
143,196
71,143
266,202
246,152
295,38
167,107
107,103
9,88
57,151
285,102
42,24
116,251
298,199
85,33
84,291
21,132
219,57
106,208
283,211
68,194
155,87
116,190
103,255
110,46
270,153
290,182
217,141
297,273
175,105
281,176
137,279
38,216
95,20
226,260
11,10
2,110
225,238
198,113
77,153
178,296
175,177
148,200
44,268
107,170
71,74
235,229
211,249
40,130
287,208
65,19
123,220
153,8
181,18
64,48
54,247
32,273
295,54
147,129
172,51
223,217
66,217
12,284
99,191
146,45
62,152
194,131
244,153
226,267
20,48
104,12
68,284
274,210
137,263
43,256
265,72
72,218
111,12
214,129
278,79
128,84
180,262
109,71
170,230
263,266
131,177
248,125
163,171
202,227
271,119
40,233
286,107
259,64
80,87
87,279
6,177
176,287
239,127
81,257
282,269
69,235
26,114
237,5
31,10
93,286
1,3
171,287
227,233
132,184
127,117
11,138
274,217
105,29
153,137
204,56
120,25
146,275
212,2
299,3
104,40
246,273
194,121
146,64
55,82
107,212
49,147
81,251
147,123
237,158
165,52
281,264
111,126
109,181
256,30
132,140
235,278
93,237
124,133
217,264
20,70
194,166
209,125
9,258
133,55
4,123
136,285
275,233
80,241
119,176
34,32
8,117
1,301
2,301
3,301
4,301
5,301